### This file is automatically generated from Rdym/raw/po.r
### Do not edit by hand

langtable <-
structure(list(lang = structure(c(1L, 3L, 4L, 5L, 6L, 7L, 8L, 
9L, 10L, 11L, 12L, 13L, 2L), .Label = c("de", "en", "es", "fr", 
"it", "ja", "ko", "nn", "pl", "ru", "tr", "zh_CN", "zh_TW"), class = "factor"), 
    obj_pre = structure(c(5L, 7L, 6L, 8L, 10L, 13L, 2L, 3L, 9L, 
    1L, 11L, 12L, 4L), .Label = c("", "fann ikkje objektet ", 
    "nie znaleziono obiektu ", "object", "Objekt ", "objet ", 
    "objeto ", "oggetto ", "\\u043e\\u0431\\u044a\\u0435\\u043a\\u0442 ", 
    " \\u30aa\\u30d6\\u30b8\\u30a7\\u30af\\u30c8 ", "\\u627e\\u4e0d\\u5230\\u5bf9\\u8c61", 
    "\\u627e\\u4e0d\\u5230\\u7269\\u4ef6 ", "\\uac1d\\uccb4 "
    ), class = "factor"), obj_post = structure(c(4L, 5L, 2L, 
    6L, 9L, 10L, 1L, 1L, 8L, 3L, 1L, 1L, 7L), .Label = c("", 
    " introuvable", " nesnesi bulunamad\\u0131", " nicht gefunden", 
    " no encontrado", " non trovato", "not found", " \\u043d\\u0435 \\u043d\\u0430\\u0439\\u0434\\u0435\\u043d", 
    " \\u304c\\u3042\\u308a\\u307e\\u305b\\u3093 ", "\\ub97c \\ucc3e\\uc744 \\uc218 \\uc5c6\\uc2b5\\ub2c8\\ub2e4"
    ), class = "factor"), fun_pre = structure(c(5L, 8L, 4L, 7L, 
    12L, 13L, 3L, 6L, 9L, 1L, 11L, 10L, 2L), .Label = c("", "could not find function", 
    "fann ikkje funksjonen ", "impossible de trouver la fonction ", 
    "konnte Funktion ", "nie uda\\u0142o si\\u0119 znale\\u017a\\u0107 funkcji ", 
    "non trovo la funzione ", "no se pudo encontrar la funci\\u00f3n ", 
    "\\u043d\\u0435 \\u043c\\u043e\\u0433\\u0443 \\u043d\\u0430\\u0439\\u0442\\u0438 \\u0444\\u0443\\u043d\\u043a\\u0446\\u0438\\u044e ", 
    "\\u6c92\\u6709\\u9019\\u500b\\u51fd\\u6578 ", "\\u6ca1\\u6709", 
    " \\u95a2\\u6570 ", "\\ud568\\uc218 "), class = "factor"), 
    fun_post = structure(c(3L, 1L, 1L, 1L, 4L, 6L, 1L, 1L, 1L, 
    2L, 5L, 1L, 1L), .Label = c("", " fonksiyonu bulunamad\\u0131", 
    " nicht finden", " \\u3092\\u898b\\u3064\\u3051\\u308b\\u3053\\u3068\\u304c\\u3067\\u304d\\u307e\\u305b\\u3093\\u3067\\u3057\\u305f ", 
    "\\u8fd9\\u4e2a\\u51fd\\u6570", "\\ub97c \\ucc3e\\uc744 \\uc218 \\uc5c6\\uc2b5\\ub2c8\\ub2e4"
    ), class = "factor")), .Names = c("lang", "obj_pre", "obj_post", 
"fun_pre", "fun_post"), row.names = c(NA, -13L), class = "data.frame")
