### This file is automatically generated from Rdym/raw/po.r
### Do not edit by hand

langtable <-
structure(list(lang = c("de", "es", "fr", "it", "ja", "ko", "nn", 
"pl", "ru", "tr", "zh_CN", "zh_TW", "en"), obj_pre = c("Objekt ", 
"objeto ", "objet ", "oggetto ", " \u30aa\u30d6\u30b8\u30a7\u30af\u30c8 ", 
"\uac1d\uccb4 ", "fann ikkje objektet ", "nie znaleziono obiektu ", 
"\u043e\u0431\u044a\u0435\u043a\u0442 ", "", "\u627e\u4e0d\u5230\u5bf9\u8c61", 
"\u627e\u4e0d\u5230\u7269\u4ef6 ", "object"), obj_post = c(" nicht gefunden", 
" no encontrado", " introuvable", " non trovato", " \u304c\u3042\u308a\u307e\u305b\u3093 ", 
"\ub97c \ucc3e\uc744 \uc218 \uc5c6\uc2b5\ub2c8\ub2e4", 
"", "", " \u043d\u0435 \u043d\u0430\u0439\u0434\u0435\u043d", 
" nesnesi bulunamad\u0131", "", "", "not found"), fun_pre = c("konnte Funktion ", 
"no se pudo encontrar la funci\u00f3n ", "impossible de trouver la fonction ", 
"non trovo la funzione ", " \u95a2\u6570 ", "\ud568\uc218 ", 
"fann ikkje funksjonen ", "nie uda\u0142o si\u0119 znale\u017a\u0107 funkcji ", 
"\u043d\u0435 \u043c\u043e\u0433\u0443 \u043d\u0430\u0439\u0442\u0438 \u0444\u0443\u043d\u043a\u0446\u0438\u044e ", 
"", "\u6ca1\u6709", "\u6c92\u6709\u9019\u500b\u51fd\u6578 ", 
"could not find function"), fun_post = c(" nicht finden", "", 
"", "", " \u3092\u898b\u3064\u3051\u308b\u3053\u3068\u304c\u3067\u304d\u307e\u305b\u3093\u3067\u3057\u305f ", 
"\ub97c \ucc3e\uc744 \uc218 \uc5c6\uc2b5\ub2c8\ub2e4", 
"", "", "", " fonksiyonu bulunamad\u0131", "\u8fd9\u4e2a\u51fd\u6570", 
"", ""), err = c("Fehler", "Error", "Erreur ", "Errore", " \u30a8\u30e9\u30fc", 
"\uc5d0\ub7ec", "Feil", "B\u0141\u0104D", "\u041e\u0448\u0438\u0431\u043a\u0430", 
"Hata", "\u9519\u8bef", "\u932f\u8aa4", "Error")), .Names = c("lang", 
"obj_pre", "obj_post", "fun_pre", "fun_post", "err"), row.names = c(NA, 
-13L), class = "data.frame")
